$ 1 0.000005 15.472767971186109 52 5 43
r 192 304 192 240 0 220000
r 256 304 256 240 0 220000
w 192 240 256 240 0
r 192 240 192 176 0 470
r 256 240 256 176 0 470
r 192 304 256 304 0 22000
d 128 304 128 240 1 0.805904783
d 320 304 320 240 1 0.805904783
d 128 240 128 176 1 0.805904783
d 320 240 320 176 1 0.805904783
w 128 176 192 176 0
w 192 176 256 176 0
w 256 176 320 176 0
w 128 304 192 304 0
w 256 304 320 304 0
w 128 176 32 176 0
r 32 176 32 240 0 12000
w 320 176 416 176 0
r 416 176 416 240 0 12000
w 32 240 64 240 0
c 64 240 64 304 0 1.0000000000000001e-7 1.617943704633296
w 416 240 384 240 0
c 384 240 384 304 0 1.0000000000000001e-7 1.6884027327116544
w 320 304 384 304 0
w 384 304 448 304 0
w 416 240 448 240 0
w 32 240 0 240 0
w 64 304 0 304 0
w 64 304 128 304 0
162 0 240 0 304 1 2.1024259 1 1 0.8 0.002
162 448 240 448 304 1 2.1024259 1 1 0.8 0.002
w 128 240 160 240 0
g 352 240 352 256 0
w 320 240 352 240 0
172 160 240 160 208 0 6 24 24 -24 0 0.5 Rail Voltage
o 2 64 0 4099 40 0.00009765625 0 2 2 3
